0.6346 0.7012 0.7684 
0.6440 0.7000 0.7573 
0.6729 0.7070 0.7430 
0.7303 0.7268 0.7402 
0.8090 0.7524 0.7331 
0.8961 0.7810 0.7242 
0.9811 0.8137 0.7263 
0.9867 0.8024 0.7164 
0.9730 0.7618 0.6888 
0.9095 0.7022 0.6530 
0.7943 0.6320 0.5899 
0.6836 0.4251 0.4536 
0.6270 0.4227 0.4815 
0.6338 0.4177 0.4837 
0.6691 0.5382 0.5696 
0.6659 0.5673 0.5966 
0.6667 0.5838 0.6078 
0.6663 0.5656 0.5810 
0.6583 0.5239 0.5363 
0.6171 0.4384 0.4723 
0.6064 0.4357 0.4688 
0.6656 0.4020 0.4333 
0.7607 0.6221 0.5360 
0.8743 0.6897 0.6313 
0.9471 0.7613 0.6836 
0.9652 0.8233 0.7304 
0.9719 0.8629 0.7635 
0.9272 0.8356 0.7655 
0.8425 0.7958 0.7654 
0.7518 0.7830 0.7668 
0.6927 0.7586 0.7734 
0.6714 0.7210 0.7663 

0.9605 0.7892 0.8165 
0.9546 0.8053 0.8290 
0.9824 0.8204 0.8357 
0.9851 0.7979 0.8540 
0.9874 0.8394 0.0000 
0.9940 0.8765 0.8538 
0.9939 0.9052 0.8306 
0.9969 0.9110 0.8270 
0.9969 0.9111 0.8159 
0.9921 0.8938 0.7908 
0.9773 0.8470 0.7845 
0.9340 0.7939 0.7510 
0.9008 0.7411 0.7259 
0.8945 0.7177 0.6957 
0.8247 0.6992 0.6658 
0.7665 0.6560 0.6298 
0.7140 0.6175 0.6045 
0.7112 0.6091 0.6038 
0.6986 0.6015 0.6299 
0.6485 0.4727 0.6159 
0.6162 0.5010 0.0000 
0.6179 0.5076 0.6023 
0.6710 0.5924 0.6220 
0.7396 0.6026 0.6005 
0.8227 0.6377 0.5989 
0.8640 0.6754 0.6279 
0.8551 0.7164 0.6666 
0.8157 0.7129 0.6950 
0.7862 0.6981 0.7267 
0.7909 0.7080 0.7475 
0.8327 0.7426 0.7809 
0.9068 0.7710 0.7930 

0.8315 0.6665 0.6909 
0.9033 0.7057 0.7174 
0.9399 0.7313 0.7317 
0.8656 0.7055 0.7187 
0.8306 0.7024 0.7362 
0.8566 0.7340 0.7414 
0.9066 0.7810 0.7478 
0.9408 0.8105 0.7536 
0.9692 0.8370 0.7640 
0.9705 0.8250 0.7684 
0.9371 0.8127 0.7690 
0.8995 0.7686 0.7710 
0.8714 0.7408 0.7679 
0.8852 0.7524 0.7603 
0.8643 0.7574 0.7623 
0.8120 0.7094 0.7316 
0.7536 0.6541 0.6830 
0.7019 0.5876 0.6306 
0.6427 0.5216 0.5425 
0.5721 0.4400 0.4461 
0.5607 0.4553 0.4707 
0.6109 0.4667 0.4577 
0.7189 0.5816 0.5322 
0.7910 0.6490 0.5780 
0.8303 0.6944 0.6063 
0.8370 0.7031 0.5964 
0.7728 0.6608 0.5787 
0.6556 0.5192 0.4962 
0.5888 0.4993 0.4843 
0.6148 0.4508 0.4398 
0.6941 0.5529 0.5869 
0.7651 0.6111 0.6502 

0.7492 0.6278 0.6174 
0.8215 0.6672 0.6492 
0.8961 0.7015 0.6804 
0.8959 0.7229 0.7075 
0.8908 0.7481 0.7391 
0.9387 0.7984 0.7584 
0.9767 0.8553 0.8062 
0.9982 0.9064 0.8305 
0.9981 0.9300 0.8578 
0.9997 0.9388 0.8832 
0.9985 0.9449 0.8976 
0.9958 0.9325 0.9027 
0.9955 0.9042 0.0000 
0.9833 0.8751 0.9000 
0.9704 0.8901 0.8968 
0.9628 0.8784 0.8838 
0.9643 0.8477 0.8565 
0.8527 0.7947 0.8295 
0.8231 0.7724 0.8063 
0.8013 0.7163 0.7629 
0.7812 0.6892 0.7392 
0.8395 0.6888 0.7058 
0.8929 0.7052 0.6781 
0.8875 0.6888 0.6456 
0.8610 0.6598 0.6157 
0.7931 0.6323 0.6156 
0.7096 0.6159 0.6386 
0.6345 0.5466 0.6349 
0.6100 0.5209 0.0000 
0.6429 0.4835 0.6244 
0.7064 0.5986 0.6351 
0.7223 0.6150 0.6134 

0.6667 0.5838 0.6078 
0.6663 0.5656 0.5810 
0.6583 0.5239 0.5363 
0.6171 0.4384 0.4723 
0.6064 0.4357 0.4688 
0.6656 0.4020 0.4333 
0.7607 0.6221 0.5360 
0.8743 0.6897 0.6313 
0.9471 0.7613 0.6836 
0.9652 0.8233 0.7304 
0.9719 0.8629 0.7635 
0.9272 0.8356 0.7655 
0.8425 0.7958 0.7654 
0.7518 0.7830 0.7668 
0.6927 0.7586 0.7734 
0.6714 0.7210 0.7663 
0.6346 0.7012 0.7684 
0.6440 0.7000 0.7573 
0.6729 0.7070 0.7430 
0.7303 0.7268 0.7402 
0.8090 0.7524 0.7331 
0.8961 0.7810 0.7242 
0.9811 0.8137 0.7263 
0.9867 0.8024 0.7164 
0.9730 0.7618 0.6888 
0.9095 0.7022 0.6530 
0.7943 0.6320 0.5899 
0.6836 0.4251 0.4536 
0.6270 0.4227 0.4815 
0.6338 0.4177 0.4837 
0.6691 0.5382 0.5696 
0.6659 0.5673 0.5966 

0.7140 0.6175 0.6045 
0.7112 0.6091 0.6038 
0.6986 0.6015 0.6299 
0.6485 0.4727 0.6159 
0.6162 0.5010 0.0000 
0.6179 0.5076 0.6023 
0.6710 0.5924 0.6220 
0.7396 0.6026 0.6005 
0.8227 0.6377 0.5989 
0.8640 0.6754 0.6279 
0.8551 0.7164 0.6666 
0.8157 0.7129 0.6950 
0.7862 0.6981 0.7267 
0.7909 0.7080 0.7475 
0.8327 0.7426 0.7809 
0.9068 0.7710 0.7930 
0.9605 0.7892 0.8165 
0.9546 0.8053 0.8290 
0.9824 0.8204 0.8357 
0.9851 0.7979 0.8540 
0.9874 0.8394 0.0000 
0.9940 0.8765 0.8538 
0.9939 0.9052 0.8306 
0.9969 0.9110 0.8270 
0.9969 0.9111 0.8159 
0.9921 0.8938 0.7908 
0.9773 0.8470 0.7845 
0.9340 0.7939 0.7510 
0.9008 0.7411 0.7259 
0.8945 0.7177 0.6957 
0.8247 0.6992 0.6658 
0.7665 0.6560 0.6298 

0.7536 0.6541 0.6830 
0.7019 0.5876 0.6306 
0.6427 0.5216 0.5425 
0.5721 0.4400 0.4461 
0.5607 0.4553 0.4707 
0.6109 0.4667 0.4577 
0.7189 0.5816 0.5322 
0.7910 0.6490 0.5780 
0.8303 0.6944 0.6063 
0.8370 0.7031 0.5964 
0.7728 0.6608 0.5787 
0.6556 0.5192 0.4962 
0.5888 0.4993 0.4843 
0.6148 0.4508 0.4398 
0.6941 0.5529 0.5869 
0.7651 0.6111 0.6502 
0.8315 0.6665 0.6909 
0.9033 0.7057 0.7174 
0.9399 0.7313 0.7317 
0.8656 0.7055 0.7187 
0.8306 0.7024 0.7362 
0.8566 0.7340 0.7414 
0.9066 0.7810 0.7478 
0.9408 0.8105 0.7536 
0.9692 0.8370 0.7640 
0.9705 0.8250 0.7684 
0.9371 0.8127 0.7690 
0.8995 0.7686 0.7710 
0.8714 0.7408 0.7679 
0.8852 0.7524 0.7603 
0.8643 0.7574 0.7623 
0.8120 0.7094 0.7316 

0.9643 0.8477 0.8565 
0.8527 0.7947 0.8295 
0.8231 0.7724 0.8063 
0.8013 0.7163 0.7629 
0.7812 0.6892 0.7392 
0.8395 0.6888 0.7058 
0.8929 0.7052 0.6781 
0.8875 0.6888 0.6456 
0.8610 0.6598 0.6157 
0.7931 0.6323 0.6156 
0.7096 0.6159 0.6386 
0.6345 0.5466 0.6349 
0.6100 0.5209 0.0000 
0.6429 0.4835 0.6244 
0.7064 0.5986 0.6351 
0.7223 0.6150 0.6134 
0.7492 0.6278 0.6174 
0.8215 0.6672 0.6492 
0.8961 0.7015 0.6804 
0.8959 0.7229 0.7075 
0.8908 0.7481 0.7391 
0.9387 0.7984 0.7584 
0.9767 0.8553 0.8062 
0.9982 0.9064 0.8305 
0.9981 0.9300 0.8578 
0.9997 0.9388 0.8832 
0.9985 0.9449 0.8976 
0.9958 0.9325 0.9027 
0.9955 0.9042 0.0000 
0.9833 0.8751 0.9000 
0.9704 0.8901 0.8968 
0.9628 0.8784 0.8838 

